2.0	1.0	1.0
3.0	1.0	1.0
4.0	1.0	1.0
5.0	1.0	1.0
6.0	1.0	1.0
7.0	1.0	1.0
8.0	1.0	1.0
9.0	1.0	1.0
11.0 1.0 1.0
12.0 1.0 1.0
13.0 1.0 1.0
14.0 1.0 1.0
18.0 1.0 1.0
20.0 1.0 1.0
22.0 1.0 1.0
32.0 1.0 1.0
34.0 10.0 1.0
34.014.0 1.0
33.0 15.0 1.0
34.0 15.0 1.0
33.0 16.0 1.0
34.0 16.0 1.0
33.0 19.0 1.0
34.0 19.0 1.0
3.0	2.0	1.0
4.0	2.0	1.0
8.0	2.0	1.0
14.0 2.0 1.0
18.0 2.0 1.0
20.0 2.0 1.0
22.0 2.0 1.0
31.0 2.0 1.0
34.0 20.0 1.0
33.0 21.0 1.0
34.0 21.0 1.0
33.0 23.0 1.0
34.0 23.0 1.0
26.0 24.0 1.0
28.0 24.0 1.0
30.0 24.0 1.0
33.0 24.0 1.0
34.0 24.0 1.0
26.0 25.0 1.0
28.0 25.0 1.0
32.0 25.0 1.0
32.0 26.0 1.0
30.0 27.0 1.0
34.0 27.0 1.0
34.0 28.0 1.0
32.0 29.0 1.0
34.0 29.0 1.0
4.0	3.0	1.0
8.0	3.0	1.0
9.0	3.0	1.0
10.0 3.0 1.0
14.0 3.0 1.0
28.0 3.0 1.0
29.0 3.0 1.0
33.0 3.0 1.0
33.0 30.0 1.0
34.0 30.0 1.0
33.0 31.0 1.0
34.0 31.0 1.0
33.0 32.0 1.0
34.0 32.0 1.0
34.0 33.0 1.0
8.0	4.0	1.0
13.0 4.0 1.0
14.0 4.0 1.0
7.0	5.0	1.0
11.0 5.0 1.0
7.0	6.0	1.0
11.0 6.0 1.0
17.0 6.0 1.0
17.0 7.0 1.0
31.0 9.0 1.0
33.0 9.0 1.0
34.0 9.0 1.0